    #Muestra numJDBCCount numHTTPCount     numHTTPQ
           0            0            0            0
           1            0            0            0
           2            0            0            0
           3            0            0            0
           4            0            0            0
           5            0            0            0
           6            0            2            0
           7            0            0            0
           8            2            0            3
           9            3            5            0
          10            1            3            0
          11            2            5          146
          12            4            5          244
          13            4            5          265
          14            2            5          128
          15            1            5          174
          16            4            5          185
          17            3            5          324
          18            5            5          462
          19            4            5          329
          20            2            5            0
          21            5            5          160
          22            3            5          234
          23            3            5          186
          24            2            5            3
          25            4            5           24
          26            3            5           19
          27            2            5           20
          28            2            5          128
          29            3            5           37
          30            4            5           61
          31            5            5           54
          32            5            5           88
          33            2            5          152
          34            4            5           75
          35            5            5           16
          36            5            5           16
          37            2            5           17
          38            4            5           23
          39            1            5          373
          40            3            5          561
          41            5            5          452
          42            4            5          289
          43            2            3           28
          44            5            5           37
          45            3            2            6
          46            5            4           56
          47            1            5           18
          48            1            5            6
          49            2            5           63
          50            2            5           10
          51            1            5           38
          52            0            5          122
          53            3            5           35
          54            1            5            0
          55            5            5           86
          56            3            5           69
          57            2            2            0
          58            2            5           17
          59            3            5            1
          60            3            2            0
          61            2            2            0
          62            0            1            0
          63            1            0            0
          64            0            4            0
          65            0            0            0
          66            0            0            0
          67            0            1            0
          68            0            0            0
          69            0            0            0

TOT.MUESTRAS        MEDIA:
          70      2.28571      3.65714      83.4286
