    #Muestra numJDBCCount numHTTPCount     numHTTPQ
           0            0            0            0
           1            0            0            0
           2            0            0            0
           3            0            0            0
           4            0            1            0
           5            0            0            0
           6            5            5           81
           7            2            5          335
           8            5            5          555
           9            4            5          561
          10            0            5          556
          11            5            5          556
          12            5            5          555
          13            5            5          552
          14            5            5          547
          15            2            5          551
          16            5            5          552
          17            3            5          522
          18            3            5          520
          19            5            5          546
          20            5            5          551
          21            4            5          544
          22            4            5          553
          23            4            5          551
          24            4            5          550
          25            5            5          568
          26            5            5          555
          27            3            5          546
          28            4            5          544
          29           -1            5          525
          30            5            5          521
          31            5            5          545
          32            4            5          542
          33            5            5          536
          34            4            5          544
          35            5            5          546
          36            5            5          530
          37            5            5          539
          38            5            5          527
          39            5            5          508
          40            5            5          522
          41            4            4          533
          42            3            5          541
          43            5            5          517
          44            5            5          543
          45            5            5          544
          46            5            5          542
          47            4            5          536
          48            4            5          555
          49            5            5          547
          50           -1            5          538
          51            4            5          537
          52            5            5          540
          53            4            5          534
          54            5            5          537
          55            4            5          532
          56            4            5          542
          57            5            5          523
          58            2            5          529
          59            5            5          524
          60            5            5          525
          61            5            5          529
          62            5            5          529
          63            4            5          530
          64            4            5          530
          65           -1            5          522
          66           -1            5          528
          67           -1            5          541
          68            4            5          514
          69            2            5          501
          70            4            5          514
          71            5            5          409
          72            3            5          464
          73            5            5          442
          74            2            5          317
          75            4            5           47
          76            3            5           24
          77            4            5            1
          78            2            5            0
          79            4            5            0
          80            2            5            6
          81            4            5            1
          82            1            5            2
          83            0            1            3
          84            0            2            1
          85            0            3            0
          86            3            1           25
          87            1            2            0
          88            1            0            0
          89            0            4            0
          90            0            1            0
          91            3            5            0
          92            0            0            0
          93            1            0            0
          94            0            0            0
          95            0            1            0
          96            1            0            0
          97            0            1            0
          98            0            1            0
          99            1            1            0
         100            1            0            1
         101            0            3            0
         102            0            1            0
         103            0            1            0
         104            1            0            0
         105            0            0            0
         106            0            0            0
         107            1            4            1
         108            0            0            0
         109            0            0            0
         110            0            0            0
         111            0            0            0
         112            0            1            0
         113            0            0            0
         114            0            0            0
         115            0            0            0
         116            0            1            0
         117            0            0            0
         118            1            0            0
         119            0            0            0
         120            0            0            0
         121            0            0            0
         122            0            0            0
         123            0            0            0
         124            0            0            0
         125            0            0            0
         126            0            0            0
         127            0            0            0
         128            2            0            0
         129            0            0            0
         130            0            0            0
         131            0            0            0
         132            0            1            0
         133            0            0            0
         134            0            0            0
         135            0            1            0
         136            0            0            0
         137            0            0            0
         138            1            0            0
         139            1            0            0
         140            0            2            0
         141            0            0            0
         142            0            0            0
         143            1            0            0
         144            0            0            0
         145            0            0            0
         146            0            0            0
         147            0            1            0
         148            0            1            0
         149            0            3            0
         150            1            0            0
         151            0            0            0
         152            0            0            0
         153            0            0            0
         154            0            0            0
         155            0            0            0
         156            0            1            0
         157            0            2            0
         158            0            0            0
         159            0            0            0
         160            0            2            0
         161            0            0            0
         162            0            2            0
         163            0            0            0
         164            0            0            0
         165            0            0            0
         166            0            0            0
         167            0            0            0
         168            0            0            0
         169            0            0            0
         170            0            0            0
         171            0            0            0
         172            0            0            0

TOT.MUESTRAS        MEDIA:
         173      1.79769      2.51445      208.306
