    #Muestra numJDBCCount numHTTPCount     numHTTPQ
           0            0            0            0
           1            0            0            0
           2            0            0            0
           3            0            0            0
           4            0            1            0
           5            0            0            0
           6            0            1            0
           7            0            1            0
           8            0            0            0
           9            0            0            0
          10            0            0            0
          11            5            3            0
          12            3            5            0
          13            0            4            1
          14            2            5            8
          15            1            1           19
          16            1            2            0
          17            1            2            0
          18            3            5           47
          19            2            0            3
          20            4            5           22
          21            3            5           12
          22            0            5            1
          23            1            5            2
          24            3            5            1
          25            3            2            0
          26            4            4           14
          27            5            5           34
          28            2            2            0
          29            0            2            0
          30            0            3            5
          31            4            5            0
          32            0            2            0
          33            3            2            3
          34            2            3            1
          35            4            5            7
          36            3            5            0
          37            0            1            0
          38            3            5            0
          39            2            2            6
          40            1            2            0
          41            0            5            3
          42            1            4            0
          43            2            0            9
          44            4            1            5
          45            1            2            1
          46            4            2            1
          47            0            0            0
          48            0            0            5
          49            2            5            3
          50            0            0            1
          51            1            5            1
          52            4            1            0
          53            1            0            4
          54            1            2            3
          55            0            2            0
          56            0            0            0
          57            0            1            0
          58            0            2            0
          59            0            1            0
          60            1            0            0
          61            0            0            0
          62            0            0            0
          63            0            0            0

TOT.MUESTRAS        MEDIA:
          64      1.35938      2.15625      3.46875
