    #Muestra numJDBCCount numHTTPCount     numHTTPQ
           0            0            0            0
           1            0            0            0
           2            0            0            0
           3            0            0            0
           4            0            1            0
           5            0            0            0
           6            5            5           22
           7            0            1            0
           8            0            2            1
           9            0            5           26
          10            1            5            8
          11            1            5          113
          12            5            5          310
          13            5            5          498
          14            5            5          553
          15            2            5          513
          16            4            5          519
          17            2            5          559
          18            4            5          564
          19            5            5          555
          20            3            5          557
          21            3            5          523
          22            5            5          478
          23            5            5          470
          24            4            5          274
          25            2            5          133
          26            2            5          175
          27            4            5          276
          28            0            5          332
          29            4            5          163
          30            4            5          120
          31            5            5           95
          32            4            5          128
          33            4            5          180
          34            2            5           71
          35            5            5           57
          36            2            5          121
          37            5            5          236
          38            3            5          265
          39            4            5          115
          40            3            5           44
          41            4            5           57
          42            4            5          247
          43            4            5          293
          44            3            5          103
          45            5            5           50
          46            3            5          175
          47            4            5          196
          48            4            5          175
          49            4            5           85
          50            3            5           40
          51            2            5           74
          52            5            5           28
          53            4            5          131
          54            3            5          208
          55            3            5          132
          56            3            5          169
          57            5            5           64
          58            4            5           27
          59            4            5           47
          60            4            5           20
          61            0            5           83
          62            0            3            0
          63            0            2            0
          64            4            5            0
          65            0            2            0
          66            0            0            0
          67            0            2            0
          68            0            0            0
          69            0            0            0
          70            0            0            0

TOT.MUESTRAS        MEDIA:
          71      2.69014      4.05634       161.38
