    #Muestra numJDBCCount numHTTPCount     numHTTPQ
           0            0            0            0
           1            0            0            0
           2            0            0            0
           3            0            1            0
           4            0            1            0
           5            1            0            2
           6            4            5            9
           7            5            5          113
           8            4            5          177
           9            3            5          181
          10            3            5          240
          11            4            5          560
          12            5            5          557
          13            3            5          572
          14            4            5          561
          15            4            5          560
          16            5            5          536
          17            4            5          539
          18            5            5          531
          19            4            5          561
          20            4            5          554
          21            4            5          516
          22            5            5          538
          23            5            5          542
          24            5            5          549
          25            5            5          551
          26            4            5          546
          27            4            5          558
          28            5            5          537
          29            3            5          556
          30            5            5          547
          31           -1            5          551
          32            5            5          530
          33            4            5          528
          34            4            5          513
          35            3            5          554
          36            2            5          559
          37            1            5          559
          38            5            5          567
          39            3            5          544
          40            5            5          555
          41            2            5          544
          42            5            5          543
          43           -1            5          550
          44            5            5          534
          45            3            5          553
          46            4            5          545
          47            5            5          535
          48            4            5          527
          49           -1            5          532
          50            5            5          537
          51            5            5          544
          52            3            5          545
          53           -1            5          523
          54            4            5          554
          55            3            5          542
          56            5            5          549
          57            3            5          556
          58           -1            5          533
          59            4            5          548
          60            5            5          553
          61            4            5          548
          62            5            5          543
          63            5            5          532
          64            4            5          538
          65           -1            5          548
          66            2            5          534
          67            3            5          346
          68            2            5          178
          69            4            5           28
          70            2            2            7
          71            3            5            3
          72            3            5            0
          73            2            5            0
          74            4            0            7
          75            0            5            0
          76            1            0            0
          77            1            0            0
          78            0            0            0
          79            0            0            0
          80            0            2            0
          81            0            5            0
          82            2            0            0
          83            0            0            0
          84            0            0            0
          85            0            3            0
          86            0            0            0
          87            0            0            0
          88            0            0            0
          89            0            1            0
          90            0            0            0
          91            1            0            0
          92            0            1            0
          93            0            0            0
          94            0            0            0
          95            0            0            0
          96            0            0            0
          97            1            1            0
          98            0            1            0
          99            0            0            0
         100            0            0            0
         101            0            0            0
         102            1            2            0
         103            0            1            0
         104            0            0            0
         105            0            0            0
         106            0            0            0
         107            0            0            0
         108            0            0            0
         109            0            0            0
         110            0            0            0
         111            0            1            0
         112            0            0            0
         113            0            0            0
         114            0            0            0
         115            0            0            0
         116            0            0            0
         117            0            0            0
         118            0            0            0
         119            0            0            0
         120            0            0            0
         121            0            0            0
         122            0            0            0
         123            0            0            0
         124            0            0            0
         125            0            0            0
         126            0            0            0
         127            0            0            0
         128            0            0            0
         129            0            0            0
         130            0            0            0
         131            0            0            0
         132            0            1            0
         133            0            0            0
         134            0            0            0
         135            0            0            0
         136            1            0            0
         137            0            0            0
         138            0            0            0
         139            0            0            0
         140            0            0            0
         141            0            0            0
         142            0            0            0
         143            0            0            0
         144            0            0            0
         145            0            0            0
         146            0            0            0
         147            0            0            0
         148            0            0            0
         149            0            0            0
         150            0            0            0
         151            0            0            0
         152            0            0            0
         153            0            0            0
         154            0            0            0
         155            0            0            0
         156            0            0            0
         157            0            0            0
         158            0            0            0
         159            1            0            0
         160            0            0            0
         161            0            0            0
         162            0            1            0
         163            0            0            0
         164            0            0            0
         165            0            0            0
         166            0            0            0
         167            0            0            0
         168            0            0            0
         169            0            0            0
         170            0            0            0
         171            0            0            0
         172            0            0            0
         173            0            0            0
         174            0            0            0
         175            0            0            0

TOT.MUESTRAS        MEDIA:
         176      1.42045      2.06818       180.75
