    #Muestra numJDBCCount numHTTPCount     numHTTPQ
           0            0            0            0
           1            0            0            0
           2            0            0            0
           3            0            0            0
           4            0            0            5
           5            0            0            0
           6            4            5            0
           7            1            5            8
           8            2            5           82
           9            4            5           37
          10            4            5          147
          11            4            5          303
          12            5            5          552
          13            5            5          560
          14            5            5          561
          15            5            5          556
          16            5            5          561
          17            5            5          551
          18            3            5          525
          19            4            5          538
          20           -1            5          556
          21           -1            5          553
          22            4            5          554
          23            5            5          551
          24           -1            5          559
          25            2            5          568
          26           -1            5          557
          27            2            5          559
          28            4            5          559
          29            4            5          547
          30            5            5          474
          31            2            5          508
          32            5            5          445
          33            4            5          334
          34            3            5          387
          35            3            5          350
          36            3            5          313
          37            4            5          381
          38            4            5          551
          39            5            5          548
          40            3            5          562
          41            4            5          557
          42            4            5          558
          43            3            5          551
          44            1            5          563
          45            5            5          542
          46            5            5          559
          47            3            5          557
          48            5            5          557
          49            2            5          555
          50            1            5          549
          51           -1            5          561
          52            5            5          558
          53            0            5          553
          54            2            5          557
          55            5            5          549
          56            3            5          563
          57            4            5          543
          58            4            5          558
          59            4            5          563
          60            5            5          479
          61            4            5          341
          62            3            5          206
          63            3            2            0
          64            1            4            0
          65            5            5           28
          66            0            4            0
          67            3            0            0
          68            5            3            0
          69            1            0            0
          70            0            0            0
          71            0            0            0
          72            0            0            0
          73            0            0            0
          74            0            0            0
          75            0            0            0
          76            0            0            0
          77            0            0            0
          78            0            0            0
          79            0            0            0
          80            0            0            0
          81            0            0            0
          82            0            0            0
          83            0            0            0
          84            0            0            0
          85            0            0            0
          86            0            0            0
          87            0            0            0
          88            0            0            0
          89            0            0            0
          90            0            0            0
          91            0            0            0

TOT.MUESTRAS        MEDIA:
          92      2.20652      3.29348      293.576
