    #Muestra numJDBCCount numHTTPCount     numHTTPQ
           0            0            0            0
           1            0            0            0
           2            0            0            0
           3            0            0            0
           4            0            0            0
           5            0            0            0
           6            0            1            0
           7            0            0            0
           8            0            0            1
           9            0            4            0
          10            2            5            0
          11            0            0            0
          12            2            5            0
          13            2            2            0
          14            0            1            0
          15            1            5            0
          16            0            5            0
          17            0            3            0
          18            1            0            5
          19            2            0           22
          20            1            1            2
          21            3            0            0
          22            0            1            2
          23            1            5            2
          24            3            5            0
          25            0            4            0
          26            2            1            0
          27            1            1            0
          28            2            5            7
          29            3            5            2
          30            0            3            0
          31            3            2            0
          32            1            5            4
          33            0            2            0
          34            0            5            0
          35            0            5            0
          36            1            2            0
          37            1            2            0
          38            5            0            0
          39            2            5            0
          40            0            5            0
          41            1            1            0
          42            2            0            0
          43            4            5            0
          44            2            5            0
          45            2            0            1
          46            0            3            0
          47            0            3            0
          48            0            1            0
          49            1            0            0
          50            0            3            0
          51            0            2            0
          52            0            0            0
          53            0            5            0
          54            1            3            0
          55            0            0            0
          56            1            2            0
          57            0            0            0
          58            0            2            0
          59            0            0            0
          60            0            0            0
          61            0            0            0
          62            0            0            0
          63            0            0            0

TOT.MUESTRAS        MEDIA:
          64     0.828125      2.03125         0.75
