    #Muestra numJDBCCount numHTTPCount     numHTTPQ
           0            0            0            0
           1            0            0            0
           2            0            0            0
           3            0            4            0
           4            0            1            0
           5            0            2            0
           6            5            4           17
           7            1            5          122
           8            1            5          195
           9            4            5          248
          10            0            5          380
          11            4            5          558
          12            3            5          561
          13            0            5          565
          14            5            5          565
          15            2            5          561
          16            4            5          518
          17            4            5          491
          18            5            5          504
          19            5            5          534
          20           -1            5          537
          21           -1            5          554
          22            4            5          544
          23            3            5          534
          24           -1            5          537
          25            4            5          519
          26            3            5          517
          27            5            5          562
          28            4            5          561
          29            5            5          530
          30            2            5          522
          31            5            5          558
          32            4            5          564
          33            4            5          532
          34            2            5          557
          35            5            5          542
          36            5            5          565
          37            5            5          553
          38            5            5          566
          39            5            5          559
          40            5            5          542
          41            4            5          567
          42            3            5          558
          43            5            5          553
          44            4            5          562
          45            5            5          564
          46            5            5          551
          47            4            5          540
          48            3            5          561
          49            2            5          559
          50            3            5          562
          51            5            5          546
          52            2            5          548
          53            2            5          560
          54            4            5          555
          55            4            5          554
          56            5            5          550
          57            1            5          561
          58            5            5          557
          59            5            5          549
          60            3            5          548
          61            4            5          563
          62            4            5          559
          63            3            5          515
          64            4            5          279
          65            4            5          118
          66            4            3            0
          67            5            5            3
          68            4            3            0
          69            3            2            0
          70            5            5            0
          71            0            1            0
          72            0            0            2
          73            0            0            0
          74            0            0            0
          75            0            1            0
          76            0            0            0
          77            0            0            0
          78            0            0            0
          79            0            0            0
          80            0            0            0
          81            0            0            0
          82            0            1            0
          83            0            0            0
          84            0            5            0
          85            0            1            0
          86            0            0            0
          87            0            0            0
          88            0            0            0
          89            0            0            0
          90            0            0            0
          91            0            0            0
          92            0            0            0
          93            0            0            0
          94            0            0            0
          95            0            0            0
          96            0            0            0
          97            0            0            0
          98            0            0            0
          99            0            0            0
         100            0            0            0
         101            0            0            0
         102            0            0            0
         103            0            0            0
         104            0            0            0
         105            0            0            0
         106            0            0            0
         107            0            0            0
         108            0            0            0
         109            0            0            0
         110            0            0            0
         111            0            0            0
         112            0            0            0
         113            0            0            0
         114            0            0            0

TOT.MUESTRAS        MEDIA:
         115       1.9913      2.89565      264.504
