procs -----------memory---------- ---swap-- -----io---- -system-- ----cpu----
 r  b   swpd   free   buff  cache   si   so    bi    bo   in   cs us sy id wa
 5  3  63100  13296   1360  27692   29   31    90    61  783  997 27 11 61  1
 1  0  63080  13116   1364  27792  136    0   184     0 2429 4931 45 30 25  0
 2  1  64544  13744   1224  26864  124 1488   124  1856 5521 3384 47 37  7  8
 3  0  65388  15008   1224  26220  460  892   476   892 3911 2252 68 28  4  1
 3  0  65256  14076   1232  26724  484    0   920    52 3058 3590 69 28  4  0
 3  0  65252  13952   1232  26892    0    0     0     0 2504 2511 70 27  2  0
 3  0  65236  13812   1232  26968   28    0    28     0 2071 2043 64 31  6  0
 8  0  65204  13440   1364  27196   32    0   196     0 2877 2636 74 21  5  0
 4  0  65192  13316   1364  27244    0    0     0     0 2276 1982 64 31  6  0
 1  0  65188  13208   1372  27432    0    0     0    36 3019 4025 71 21  8  0
 3  0  65172  13052   1372  27656   24    0    84     0 2352 2215 66 27  8  0
 2  0  65148  12820   1384  27700    8    0    20     0 2612 2734 64 26 10  0
 6  0  65096  12556   1384  27804   76    0    76     0 2381 2611 70 25  5  0
 4  0  65688  13128   1380  27376  120  652   120   652 3537 3102 68 24  8  1
 1  0  65584  12912   1388  27768  244    0   372    32 2726 2816 70 24  6  0
 5  0  65484  12756   1388  27832  164    0   180     0 3056 3539 72 22  6  0
 2  0  65468  12588   1388  28064    4    0     4     0 2781 2898 72 24  4  0
 6  0  65436  12340   1388  28200   76    0    76     0 2857 2927 66 25  9  0
 4  0  65408  12060   1388  28404   28    0    28     0 3014 3095 71 22  7  0
 7  0  65384  11952   1396  28492   16    0    16    12 2819 3045 68 26  7  0
 5  0  65372  11720   1396  28708   36    0    36     0 2543 2588 67 27  7  0
 5  0  65316  11596   1396  28848   12    0    12     0 2834 2758 72 22  7  0
 1  0  65316  11464   1396  28972    0    0     0     0 2617 2605 67 27  6  0
 8  0  65276  11216   1396  29212   76    0    76     0 2964 3311 67 28  6  0
 1  0  65236  10968   1404  29320  104    0   104    28 2889 2957 71 24  5  0
 6  0  65148  10348   1404  29572  316    0   316     0 2958 2910 67 23 10  0
 5  0  65148  10216   1404  29768    0    0     0     0 2772 2872 68 24  8  0
 6  0  64888   9860   1404  29912  232    0   232     0 2818 2968 69 23  8  0
 4  0  64868   9612   1404  30156   28    0    28     0 2801 2964 73 22  6  0
 4  0  64860   9192   1412  30324   52    0   116    12 2500 2708 69 23  8  0
 4  1  65400   9496   1408  30004   40  548    40   548 4118 2793 68 22  6  4
 6  1  66104  11108   1376  29000   76  744   220   748 6481 2812 71 24  2  5
 5  0  66372  11448   1368  28960   56  316    56   316 3273 3014 70 25  5  1
 4  0  66296  11480   1368  29108  116    0   116     0 2657 2784 66 26  8  1
 6  0  66296  11480   1376  29272    0    0     0    28 2601 2806 69 25  6  0
 3  0  65868  11232   1376  29500  520    0   520     0 2674 2627 66 31  3  0
 2  0  65468  10920   1376  29668  148    0   148     0 2873 2555 70 25  5  0
 1  0  65384  10580   1380  29816   84    0    88  1164 2974 3007 70 23  7  0
 5  0  65360  10364   1380  30008    0    0     0     0 2821 3012 71 20  8  0
 7  0  65340  10116   1388  30108   60    0    60    28 3014 3283 68 26  6  0
 6  0  65324   9852   1388  30384   76    0   192     0 2922 2848 74 23  3  0
 6  0  65288   9604   1388  30456   48    0    48     0 2559 2744 70 26  5  1
 4  0  65232   9372   1392  30720   60    0    64  1956 2705 2854 73 23  5  0
 4  0  65144   9124   1392  30804  136    0   136     0 2817 2697 72 20  8  0
 2  0  67768  11392   1328  29876  164 2664   164  2684 3755 2976 70 23  7  0
 5  0  69712  11856   1388  29392  320 1992  1284  5736 3958 2915 65 28  7  0
 1  0  69688  11856   1388  29532   88    0    92     0 2841 2761 72 24  5  0
 3  0  69624  11888   1388  29760   36    0    36     0 2461 2435 66 23 11  0
 4  0  69588  11888   1388  29904   48    0    48     0 2865 3074 71 23  6  1
 7  0  69548  11888   1396  30124   36    0    36    72 2711 3113 72 21  8  0
 6  0  69524  11764   1396  30296   52    0    76     0 2869 3238 70 23  7  0
 6  0  69484  11516   1396  30500  124    0   124     0 2794 3056 70 26  5  0
 3  0  69468  11300   1396  30680   24    0    24     0 2974 3081 69 24  8  0
 3  0  69400  11052   1396  30868   96    0    96     0 2510 2788 71 22  7  0
 5  0  69376  10896   1404  30952   52    0    52    12 2915 3116 72 23  5  0
 3  0  69320  10556   1404  31112  100    0   100     0 2591 2619 70 24  7  0
 2  0  69424  11112   1360  30460  160  148   160   148 3088 3403 71 26  2  1
 6  0  69324  11020   1360  30676  108    0   108     0 2664 2785 66 28  6  0
 1  0  69308  10928   1360  30856   12    0    12     0 2979 3125 73 22  6  0
 7  0  69276  10804   1368  30980   44    0    44    40 2908 3140 69 24  6  1
 5  0  69232  10788   1368  31220   36    0    36     0 2921 2881 71 26  4  0
 4  0  69192  10680   1368  31368   32    0    32     0 2713 2451 70 28  3  0
 2  1  69476  10680   1304  31132   36  300    36   300 2722 2681 66 29  3  2
 6  0  69440  10556   1304  31292  140    0   140     0 2825 3135 72 23  5  0
 4  0  69564  10756   1304  31252  268  236   380   248 2911 2679 71 22  7  0
 3  0  69476  10432   1304  31468  224    0   224   212 2434 2670 67 27  6  0
 5  0  69544  11160   1100  31504  248  208   248   208 2956 2940 66 24  9  1
 6  0  69484  11036   1100  31524   84    0    84     0 2839 2877 69 27  5  0
 4  0  69372  10912   1100  31712  184    0   184     0 2854 3052 73 23  4  0
 6  0  69324  10788   1108  31936   52    0    52    24 2581 2952 72 23  6  0
 7  0  69304  10540   1108  32024   12    0    36     0 2556 2635 73 20  7  0
 3  0  69244  10308   1108  32288   40    0   132     0 2909 3200 69 26  5  0
 6  0  69144   9904   1108  32616  216    0   216     0 2554 2796 70 23  7  0
 1  0  69124   9796   1108  32704   36    0    36     0 2702 2850 73 22  5  0
 4  0  69068   9564   1116  32792  128    0   128    28 2567 2751 65 27  8  0
 1  1  69748  12748    896  30416  276  780   276   784 6455 3123 67 25  4  4
 6  0  70072  13864    872  29512   68  368    68   368 4000 2934 71 24  5  1
 5  0  70000  14584    872  29644  128    0   128     0 3014 6914 44 25 31  0
 3  0  70000  15024    872  29840   20    0    20     0 3015 6628 41 27 33  0
 3  0  69920  15828    880  29888  236    0   236    16 3234 7315 44 22 34  0
 2  0  69908  15612    880  30144   16    0    16  2008 2999 6177 41 20 39  0
 0  0  69852  15588    880  30248  104    0   104     0 2953 6041 39 22 40  0
 0  0  69800  15464    880  30288   68    0    68     0 2495 5039 37 20 43  0
 5  0  69768  15312    880  30460   92    0    92     0 3030 4924 34 23 44  0
 0  0  69700  15032    944  30532   96    0   148    44 3189 5297 36 17 47  0
 2  0  69680  14812    944  30612   28    0    28     0 3173 5072 32 20 48  0
 3  0  69612  14864    944  30716   72    0    72     0 3212 5207 30 16 54  0
 5  0  69584  14896    944  30812   20    0    20     0 3076 4117 25 15 60  0
 0  0  69544  14664    944  30876   44    0    44     0 3145 4496 29 18 53  0
 0  0  69540  14508    952  30960    0    0     0    12 2675 3715 30 21 49  0
 3  0  69488  14416    952  31068  120    0   120  1956 2790 3803 29 18 52  0
 0  0  69488  14416    952  31100    0    0     0     0 2863 3801 26 18 57  0
 0  0  69444  14324    952  31152   56    0    56     0 2524 3493 26 19 55  0
 1  0  69384  14076    952  31216   68    0    68     0 2479 3096 29 15 57  0
 5  0  69312  13984    960  31264   84    0    84    20 2243 2815 26 19 55  0
 0  0  69312  13984    960  31328    0    0     0     0 2357 2847 25 19 57  0
 0  0  68884  13616    960  31400  412    0   412     0 2451 3097 28 17 55  0
 0  0  68860  13664    960  31436   16    0    16     0 1834 2172 17  9 74  0
 0  0  68860  13540    960  31468    0    0     0     0 2154 2733 19  9 72  0
 1  0  68828  13416    968  31476   60    0    60    12 2068 2460 23 14 63  0
 0  0  68828  13384    968  31548    0    0     0  1956 1865 2165 26 19 55  0
 0  0  68812  13416    968  31592   12    0    12     0 1953 2190 29 17 54  0
 2  0  68752  13320    968  31664   20    0    20     0 1671 2133 20  9 71  0
 1  0  68728  13136    968  31656   32    0    32     0 1656 1893 20 10 70  0
 0  0  68708  13136    976  31652   56    0    56    24 1848 2238 18  9 73  0
 0  0  68672  12516    976  32024   16    0   276    32 1581 1805 16 11 73  0
 0  0  68664  12516    976  32032    0    0     0     0 1612 1682 25 17 59  0
 2  0  68656  12516    976  32064    8    0     8     0 1586 1736 19 16 65  0
 1  0  68640  12424    976  32088    8    0     8     0 1469 1593 17  9 74  0
 0  0  68628  12424    984  32108    0    0     0    48 1534 1674 21 10 70  0
 1  0  68608  12424    984  32128   28    0    28     0 1329 1451 15  9 76  0
 1  0  68576  12300    984  32148   40    0    40     0 1489 1553 24 12 64  0
 0  0  68564  12316    984  32192    0    0     0     0 1496 1480 24 17 60  0
 0  0  68548  12192    984  32188   32    0    32     0 1210 1364 15  7 78  0
 1  0  68520  12192    992  32240    8    0     8    20 1374 1503 17  9 75  0
 0  0  68512  12192    992  32256    0    0     0  1652 1253 1332 16 10 74  0
 0  0  68480  12192    992  32300    4    0     4     0 1383 1529 24 13 63  0
 0  0  68480  12192    992  32292    0    0     0     0 1210 1235 20 11 70  0
 3  0  68480  12068    992  32312    0    0     0     0 1155 1110 17 13 71  0
 0  0  68448  12068   1000  32292   60    0    60    32 1295 1410 16 10 74  0
 0  0  68440  12068   1000  32352    4    0     4     0 1067 1160 16  8 76  0
 0  0  68436  12068   1000  32356   12    0    12     0 1072 1095 16  9 75  0
 0  0  68420  11944   1000  32372   24    0    24     0 1025 1089 14  6 80  0
 0  0  68412  11944   1000  32400    0    0     0     0  894  916 13  5 83  0
 0  0  68408  11944   1008  32376   24    0    24    12  884  888 13  6 81  0
 1  0  68400  11944   1008  32392   32    0    32     0  856  757 16  6 78  0
 0  0  68388  11820   1008  32404   32    0    32     0  715  672 10  5 84  0
 1  0  68388  11820   1008  32436    0    0     0     0  855  739 12  7 81  0
 4  0  68380  11820   1008  32448    0    0     0     0  562  544 11  2 87  0
 0  0  68368  11820   1016  32440   12    0    12    12  557  532 10  3 86  0
 1  0  68092  11448   1016  32420  308    0   328     0  692  565 17  4 79  0
 0  0  65408   9712   1016  32556 2140    0  2224     0 1151  961 24  3 72  0
 0  0  65400   9712   1016  32572    0    0     0     0  504  450  9  3 88  0
 0  0  65396   9712   1016  32572    0    0     0     0  501  429 10  2 88  0
 0  0  65396   9712   1016  32572    0    0     0     0  424  399  9  2 89  0
 0  0  65392   9744   1024  32548   32    0    32    20  642  588 11  3 86  0
 0  0  65388   9744   1024  32588    0    0     0     0  468  422  9  2 89  0
 0  0  65384   9496   1024  32568   28    0    28     0 1110 1319 17  7 76  0
 0  0  65380   9496   1024  32616   12    0    12     0  694  732 10  5 85  0
 0  0  65376   9496   1024  32632    0    0     0     0  681  726  9  4 86  0
 0  0  65356   9496   1032  32632   32    0    32    28 1221 1245 15 10 75  0
 0  0  65352   9496   1032  32660    0    0     0     0  489  419 10  3 87  0
 0  0  65336   9496   1032  32676    0    0     0     0 1094 1188 14  7 79  0
 0  0  65312   9372   1032  32724   80    0   128     0  808  768 14  6 79  0
 0  0  65304   9248   1032  32712   28    0    28     0  618  584 12  4 85  0
 0  0  65292   9124   1040  32756    0    0     0   356 1139 1148 16 10 74  0
 0  0  65276   9124   1040  32744   32    0    32     0  580  531 10  4 86  0
 1  0  65252   9124   1040  32772   16    0    16     0  903  892 15  7 78  0
 0  0  65244   9124   1040  32792    0    0     0     0  837  828 11  7 82  0
 0  0  65236   9124   1040  32800    0    0     0     0  680  663 11  4 85  0
 1  0  65228   9124   1048  32808    0    0     0    84  978  936 13  8 79  0
 0  0  65224   9124   1048  32816    0    0     0     0  805  770 13  6 81  0
 1  0  65212   9124   1048  32820   12    0    12     0  891  900 12  7 82  0
 0  0  65200   9124   1048  32844    0    0     0     0  808  785 13  4 83  0
 1  0  65196   9124   1048  32840    8    0     8     0  714  679 11  7 82  0
 0  0  65192   9000   1056  32860    0    0     0    16  884  801 14  7 79  0
 0  0  65188   9000   1056  32848   24    0    24     0  855  814 16  7 76  0
 1  0  65176   8876   1056  32848   40    0    40     0  850  783 13  8 78  0
 1  0  65176   8876   1056  32888    0    0     0     0  817  783 13  6 81  0
 0  0  65164   8876   1056  32912    0    0     0     0  793  745 11  4 85  0
 2  0  65160   8876   1064  32908    0    0     0    12  730  738 12  5 83  0
 0  0  65160   8752   1064  32920    0    0     0     0  859  832 13  5 82  0
 1  0  65156   8628   1064  32928    0    0     0     0  918  932 13  6 81  0
 1  0  65148   8628   1064  32940    4    0     4     0  764  696 12  5 83  0
 1  0  65144   8628   1064  32948    0    0     0     0  830  809 13  7 80  0
 0  1  65384  10752    932  30760   28  252    28   556 1448  867 16  8 47 29
 0  0  65460  11248    924  30284   28   84    28    84  752  723 12  5 81  1
 0  0  65460  11248    924  30292    0    0     0     0  871  857 13  5 82  0
 0  0  65460  11280    924  30304    0    0     0     0  862  854 13  8 80  0
 1  0  65440  11280    924  30316   40    0    40     0  730  701 12  4 83  0
 1  0  65416  11280    932  30324    0    0     0    16  828  845 12  7 81  0
 0  0  65400  11280    932  30336   40    0    40     0  832  702 15  5 80  0
 0  0  65344  11280    932  30352   52    0    52     0  867  781 13  7 80  0
 0  0  65344  11280    932  30356    0    0     0     0  793  738 12  7 81  0
 1  0  65344  11280    932  30364    0    0     0     0  769  733 12  5 83  0
 0  0  65344  11280    940  30364    0    0     0    20  792  776 15  5 80  0
 1  0  65316  11280    940  30384   28    0    28     0  820  839 11  5 83  0
 1  0  65312  11280    940  30392    0    0     0     0  730  647 11  6 83  0
 1  0  65308  11280    940  30400    0    0     0     0  705  634 12  4 84  0
 2  0  65308  11280    940  30408    0    0     0     0  528  500 10  2 88  0
 0  0  65304  11280    948  30404    0    0     0   164  523  458  9  3 88  0
 0  0  65304  11280    948  30416    0    0     0     0  624  535 12  3 85  0
 1  0  65304  11280    948  30420    0    0     0     0  490  400  8  4 88  0
 1  0  65288  11280    948  30420    0    0     0     0  385  348  9  1 90  0
 0  0  65288  11280    948  30424    0    0     0     0  325  286  8  1 92  0
MEDIA
NR:  187 CPU:  54.4486
