    #Muestra numJDBCCount numHTTPCount     numHTTPQ
           0            0            0            0
           1            0            0            0
           2            0            0            0
           3            0            2            0
           4            0            0            0
           5            0            2            0
           6            2            5            0
           7            5            5          108
           8            5            5          185
           9            4            5          168
          10            5            5          492
          11           -1            5          557
          12            5            5          552
          13           -1            5          556
          14            3            5          547
          15           -1            5          565
          16            5            5          558
          17            3            5          547
          18            4            5          548
          19            5            5          547
          20            5            5          531
          21            2            5          516
          22            5            5          507
          23            4            5          537
          24            4            5          544
          25           -1            5          534
          26            5            5          544
          27            5            5          500
          28            4            5          491
          29            4            5          510
          30            5            5          535
          31            4            5          533
          32            3            5          548
          33           -1            5          566
          34            2            5          561
          35            2            5          517
          36            4            5          517
          37            5            5          547
          38            4            5          545
          39            2            5          527
          40            4            5          530
          41            4            5          531
          42            3            5          531
          43            4            5          545
          44            4            5          552
          45            4            5          558
          46            2            5          551
          47           -1            5          552
          48            3            5          552
          49            3            5          544
          50            4            5          542
          51            5            5          538
          52            4            5          544
          53            4            5          530
          54            5            5          553
          55            4            5          555
          56            4            5          547
          57            5            5          545
          58            4            5          550
          59            4            5          551
          60            4            5          547
          61            2            5          532
          62            2            5          546
          63            1            5          430
          64            4            5          197
          65            5            5           27
          66            3            5           43
          67            4            5            6
          68            4            5           43
          69            4            5            0
          70            4            3            0
          71            3            1            0
          72            1            3            7
          73            0            2            0
          74            2            2            1
          75            4            1            0
          76            1            5            0
          77            2            2            0
          78            1            1            0
          79            2            1            0
          80            0            0            0
          81            1            1            0
          82            0            0            0
          83            3            2            0
          84            0            1            0
          85            1            0            1
          86            0            0            0
          87            3            0            0
          88            0            0            0
          89            0            0            0
          90            0            1            0
          91            0            0            0
          92            1            1            0
          93            0            0            0
          94            3            1            0
          95            0            0            0
          96            0            0            0
          97            0            1            0
          98            0            1            0
          99            0            0            0
         100            0            0            0
         101            0            1            0
         102            0            1            0
         103            0            1            0
         104            0            0            0
         105            0            0            0
         106            0            0            0
         107            1            0            0
         108            0            1            0
         109            0            0            0
         110            0            0            0
         111            0            0            0
         112            0            0            0
         113            0            0            0
         114            0            0            0
         115            0            0            0
         116            0            0            0
         117            0            0            0
         118            0            0            0
         119            0            0            0
         120            0            0            0
         121            0            0            0
         122            0            0            0
         123            0            0            0
         124            0            0            0
         125            0            0            0
         126            0            0            0
         127            0            0            0
         128            0            0            0
         129            0            0            0
         130            0            0            0
         131            0            1            0
         132            0            0            0
         133            0            0            0
         134            0            0            0
         135            0            0            0
         136            0            0            0
         137            0            0            0
         138            0            0            0
         139            0            1            0
         140            0            0            0
         141            0            0            0
         142            0            0            0
         143            0            0            0
         144            0            0            0
         145            0            1            0
         146            0            0            0
         147            1            0            0
         148            0            0            0
         149            0            0            0
         150            0            0            0
         151            1            0            0
         152            0            0            0
         153            0            0            0
         154            0            0            0
         155            0            0            0
         156            0            0            0
         157            0            0            0
         158            0            0            0
         159            0            2            0
         160            0            0            0
         161            0            1            0
         162            1            0            0
         163            0            0            0
         164            0            0            0
         165            0            0            0
         166            0            0            0
         167            0            0            0
         168            0            2            0
         169            0            0            0
         170            0            0            0

TOT.MUESTRAS        MEDIA:
         171      1.47368      2.14035      174.392
