    #Muestra numJDBCCount numHTTPCount     numHTTPQ
           0            0            0            0
           1            0            0            0
           2            0            0            0
           3            0            0            0
           4            0            1            0
           5            0            0            0
           6            2            5            0
           7            3            5            2
           8            0            0            0
           9            2            1            4
          10            0            3            0
          11            4            5           40
          12            3            2           41
          13            4            5           25
          14            4            5           23
          15            4            5           10
          16            2            5           64
          17            4            5           32
          18            5            5          174
          19            5            5          164
          20            1            5            6
          21            1            5            0
          22            4            5           37
          23            5            5          151
          24            5            5            8
          25            1            1            0
          26            0            5           49
          27            4            5            9
          28            0            5            0
          29            3            0            2
          30            5            5           28
          31            3            5            7
          32            5            1            0
          33            5            4            3
          34            4            5           11
          35            5            5           70
          36            5            5           22
          37            1            5            9
          38            1            3            2
          39            4            5           10
          40            3            5            0
          41            4            5           31
          42            2            1            8
          43            2            5            0
          44            3            5           28
          45            3            3            2
          46            4            5           26
          47            0            5            0
          48            4            2            0
          49            2            5           28
          50            3            5            0
          51            5            5            1
          52            4            5            4
          53            2            4            0
          54            0            5            5
          55            4            5            1
          56            0            2            0
          57            0            1            1
          58            0            0            0
          59            2            1            0
          60            0            4            0
          61            0            1            0
          62            0            1            0
          63            0            1            0

TOT.MUESTRAS        MEDIA:
          64      2.35938      3.46875      17.7812
